13699741912171903042647589760339810688
06821340309651837587822088299588734670
28599585347139880950075224054662816885
44296625085835189451996340785757753493
54231104754838743795279243998813528979
64557161230091993616707615575020658671
75183672280176603981212478287735255698
87351637566945237617739131025644009329
55765461621407074924175858977217937439
37528117947566750136673626485806004099
70823729742765146073128994796869930184
58921887385777885908294188829239689267
25259874008838967973097714149199792543
68010798415549312334311481985467215845
58631503866976698208171446321035200663
